1
3 3
1 2
2 1
1 2 1
2 3 2
1 3 1







10
5 7
2 3 4 5
5 4 3 2
1 2 1
2 3 2
3 4 1
4 5 2
1 3 1
2 5 2
3 5 1
6 9
3 2 4 5 6
6 5 4 3 2
1 2 1
2 3 2
3 4 1
4 5 2
5 6 1
1 3 2
2 4 1
3 5 2
1 6 1
3 3
1 2
2 1
1 2 1
2 3 2
1 3 1
8 10
5 6 7 8 9 10 11
11 10 9 8 7 6 5
1 2 1
2 3 2
3 4 1
4 5 2
5 6 1
6 7 2
7 8 1
1 4 2
2 5 1
3 6 2
10 15
1 2 3 4 5 6 7 8 9
9 8 7 6 5 4 3 2 1
1 2 1
2 3 2
3 4 1
4 5 2
5 6 1
6 7 2
7 8 1
8 9 2
9 10 1
1 3 2
2 4 1
3 5 2
4 6 1
5 7 2
6 8 1
4 5
3 4 5
5 4 3
1 2 1
2 3 2
3 4 1
4 1 2
2 4 1
2 2
1
1
1 2 1
1 3 1
7 11
5 6 7 8 9 10
10 9 8 7 6 5
1 2 1
2 3 2
3 4 1
4 5 2
5 6 1
6 7 2
1 3 1
2 4 2
3 5 1
4 6 2
1 7 1
9 12
7 6 5 4 3 2 1 8
8 1 2 3 4 5 6 7
1 2 1
2 3 2
3 4 1
4 5 2
5 6 1
6 7 2
7 8 1
8 9 2
1 3 2
2 4 1
3 6 2
4 7 1
15 20
10 9 8 7 6 5 4 3 2 1 2 3 4 5
5 4 3 2 1 2 3 4 5 6 7 8 9 10
1 2 1
2 3 2
3 4 1
4 5 2
5 6 1
6 7 2
7 8 1
8 9 2
9 10 1
10 11 2
11 12 1
12 13 2
13 14 1
14 15 2
1 3 1
2 4 2
3 5 1
4 6 2
5 7 1
6 8 2


3
3 3
1 2
1 5
1 2 1
1 3 2
2 3 2
5 7
2 3 4 5
5 4 3 2
1 2 1
2 3 2
3 4 1
4 5 2
1 3 1
2 5 2
3 5 1
6 9
3 2 4 5 6
6 5 4 3 2
1 2 1
2 3 2
3 4 1
4 5 2
5 6 1
1 3 2
2 4 1
3 5 2
1 6 1

